SCMBranch=client v1.0
SCMRepository=client v1.0/bin/debug/Dat
actions.txt;2175179720;1;1392699918;
age.waw;1817322498;1;1392699918;
baseinfo.db;2243656807;1;1392699918;
blood.waw;3147467375;1;1392699918;
cap.waw;2087875077;1;1392699918;
city.waw;3451389847;1;1392699918;
config.xml;3439720101;40;1392699918;
config3.xml;2920366929;11;1392699918;
config_h3.xml;1134789409;31;1392699918;
configIM.xml;3009470355;5;1392699918;
country.waw;2172650976;1;1392699918;
Flower.txt;3333482497;2;1392699918;
fund.waw;4026330980;1;1392699919;
gender.waw;3511740625;1;1392699919;
goods.waw;3315358908;14;1392699919;
headlist.xml;2929115079;1;1392699919;
NPGConfig.xml;927899982;1;1392699919;
NPGConfig3.xml;927899982;1;1392699919;
NPGConfigH3.xml;927899982;1;1392699919;
occupation.waw;3288716120;1;1392699919;
province.waw;2938010765;1;1392699919;
RecordFileFormat.waw;516503815;1;1392699919;
svr.waw;2608670874;2;1392699919;
svr_gwtest.waw;742863852;1;1392699919;
svr_jjt.waw;2885286364;1;1392699919;
svr_kkyoo.waw;4063130979;2;1392699919;
svr_local.waw;3430885991;1;1392699920;
svr_test.waw;1836100951;2;1392699920;
ver.waw;2212294583;1;1392699920;
公网测试.bat;1096093089;1;1392699920;
公网运营.bat;1211663350;1;1392699920;
开发测试.bat;1051592330;1;1392699920;
